proj:       0
zone:       0
north:      15360
south:      0
east:       15360
west:       0
cols:       512
rows:       512
e-w resol:  30
n-s resol:  30
top:        1.000000000000000
bottom:     0.000000000000000
cols3:      15360
rows3:      15360
depths:     1
e-w resol3: 1
n-s resol3: 1
t-b resol:  1
